 a(i)= -0.61340E-02  0.16399E-01  0.13448E+00  0.38548E+00 -0.49240E-01

 b(i)=  0.20640E+02  0.14198E+02  0.27694E+01  0.66113E+00  0.88585E-01

   2.0020918421143893E-005
